1	310
2	670
3	672
4	5245
5	5248
6	8842
7	9635
8	10049
9	12013
10	12432
11	12465
12	15023
13	20037
14	21218
15	21495
16	28089
17	28098
18	28319
19	28479
20	34780
21	35951
22	36560
23	45656
24	47145
25	47212
26	47302
27	49452
28	50198
29	51084
30	58008
31	59887
32	65351
33	67446
34	69313
35	71032
36	74223
37	76592
38	77116
39	81560
40	84134
41	88056
42	89818
43	90072
44	90982
45	94632
46	95743
47	96611
48	97991
49	101162
50	101366
51	102745
52	104060
53	119867
54	123989
55	124743
56	126100
57	137450
58	137881
59	139477
60	139781
61	143718
62	146274
63	147451
64	155463
65	157834
66	158282
67	159105
68	170513
69	171619
70	172874
71	185091
72	185144
73	192849
74	199285
75	200465
76	202085
77	203626
78	208090
79	209015
80	209051
81	209052
82	209401
83	209518
84	210574
85	212825
86	220909
87	221940
88	224445
89	228609
90	229188
91	233664
92	235370
93	241741
94	242335
95	250186
96	252133
97	253677
98	253978
99	256080
100	256323
101	256621
102	258487
103	263079
104	264949
105	269658
106	273222
107	273657
108	275709
109	284190
110	290210
111	292442
112	294008
113	294299
114	294745
115	295031
116	297479
117	299790
118	300476
119	302852
120	304201
121	305697
122	306194
123	306305
124	310693
125	311161
126	311302
127	311714
128	312240
129	312366
130	312434
131	313491
132	313554
133	313745
134	315062
135	317953
136	318318
137	321767
138	321944
139	324320
140	324631
141	326236
142	326474
143	326962
144	327002
145	327696
146	328858
147	329915
148	330074
149	330079
150	330430
151	330534
152	331011
153	331585
154	332786
155	333431
156	335022
157	336162
158	336191
159	337472
160	337618
161	337859
162	338176
163	338591
164	338973
165	339107
166	339598
167	339741
168	339897
169	340546
170	340720
171	340936
172	341295
173	341710
174	341755
175	342745
176	343076
177	343092
178	343127
179	343189
180	343258
181	343642
182	343943
183	345742
184	346768
185	347044
186	347734
187	350838
188	351336
189	353750
190	354274
191	356690
192	357683
193	360785
194	361346
195	361899
196	364118
197	365358
198	366226
199	366491
200	367481
201	369063
202	369211
203	369383
204	372477
205	374046
206	374299
207	376728
208	377420
209	377916
210	378704
211	379240
212	380137
213	380402
214	382803
215	384962
216	385245
217	388172
218	391336
219	392716
220	396746
221	396766
222	398333
223	398993
224	400174
225	401130
226	404316
227	404380
228	408061
229	412144
230	414787
231	414834
232	417078
233	419018
234	419480
235	421663
236	425806
237	428843
238	432179
239	434745
240	436668
241	441012
242	442273
243	444805
244	450998
245	451457
246	454928
247	459833
248	461433
249	461660
250	462263
251	465751
252	467870
253	467894
254	468603
255	472330
256	477056
257	478691
258	481566
259	482548
260	484556
261	485087
262	486352
263	487542
264	489449
265	489694
266	491484
267	496161
268	499092
269	501875
270	503009
271	505755
272	508845
273	515330
274	515331
275	516466
276	524939
277	525183
278	526053
279	528223
280	534516
281	536647
282	537239
283	540093
284	542639
285	544705
286	544734
287	548459
288	549195
289	549650
290	552146
291	553518
292	554434
293	555829
294	558466
295	563879
296	564841
297	565474
298	568650
299	570283
300	574120
301	574412
302	578720
303	579819
304	580641
305	580657
306	580830
307	582168
308	585713
309	585816
310	589031
311	591082
312	597305
313	597567
314	598543
315	603603
316	604674
317	607337
318	609721
319	610480
320	612818
321	612900
322	613872
323	614002
324	615399
325	616443
326	618116
327	620616
328	621198
329	622810
330	624282
331	624379
332	624711
333	627290
334	627960
335	629482
336	629679
337	629779
338	630597
339	632395
340	633816
341	633976
342	644335
343	646098
344	646992
345	654242
346	656102
347	658011
348	661236
349	669380
350	669891
351	670771
352	675353
353	675577
354	678056
355	680298
356	680561
357	684679
358	685719
359	686540
360	686899
361	690419
362	693199
363	695677
364	695820
365	698691
366	701294
367	701779
368	705699
369	708111
370	710060
371	714576
372	718331
373	718954
374	722327
375	723402
376	724554
377	730234
378	733118
379	733759
380	736970
381	737319
382	740844
383	740984
384	743685
385	743723
386	747857
387	752959
388	755400
389	757014
390	759194
391	765261
392	766311
393	766327
394	768963
395	772408
396	775148
397	777986
398	778683
399	778800
400	782409
401	783365
402	787386
403	790329
404	795402
405	798949
406	801267
407	802089
408	802736
409	802796
410	807308
411	809484
412	811866
413	814712
414	816759
415	817773
416	818742
417	819472
418	823499
419	825981
420	828349
421	832265
422	833013
423	843770
424	845587
425	846701
426	847700
427	849902
428	849963
429	862751
430	863633
431	863982
432	868533
433	869109
434	869529
435	873960
436	876331
437	879171
438	881755
439	888368
440	891727
441	892867
442	893975
443	894161
444	898380
445	898994
446	900635
447	901066
448	902466
449	903056
450	905649
451	906815
452	907633
453	911217
454	912152
455	912976
456	919782
457	921599
458	927150
459	929394
460	929612
461	930808
462	931279
463	932583
464	943926
465	945918
466	946788
467	947177
468	950346
469	956567
470	961177
471	962430
472	964345
473	973348
474	979230
475	982966
476	983025
477	984727
478	988929
479	989196
480	989352
481	990765
482	994938
483	996650
484	996991
485	997850
486	997854
487	1003760
488	1003793
489	1007765
490	1010100
491	1020333
492	1020421
493	1022449
494	1024523
495	1027633
496	1031674
497	1036022
498	1038127
499	1039816
500	1041375
501	1044358
502	1044361
503	1050197
504	1050589
505	1052126
506	1063465
507	1063574
508	1063997
509	1073587
510	1085110
511	1085341
512	1085402
513	1088824
514	1097812
515	1103368
516	1108624
517	1110107
518	1110203
519	1115440
520	1116446
521	1120524
522	1127829
523	1127850
524	1132743
525	1135022
526	1135340
527	1136518
528	1137751
529	1137829
530	1137936
531	1138545
532	1139810
533	1150036
534	1150177
535	1150189
536	1152457
537	1161356
538	1164673
539	1165579
540	1167411
541	1168270
542	1169051
543	1170535
544	1172784
545	1177703
546	1179887
547	1183430
548	1188307
549	1189204
550	1190761
551	1191312
552	1193906
553	1195746
554	1199896
555	1202424
556	1204653
557	1208381
558	1209496
559	1212995
560	1213929
561	1214035
562	1218964
563	1220984
564	1221000
565	1223503
566	1226364
567	1229620
568	1229675
569	1237398
570	1238337
571	1238905
572	1241640
573	1242941
574	1243420
575	1244023
576	1244085
577	1245683
578	1246567
579	1248366
580	1251340
581	1253443
582	1253698
583	1256679
584	1259042
585	1259253
586	1260226
587	1261213
588	1262676
589	1263221
590	1263552
591	1265281
592	1265638
593	1266253
594	1266809
595	1267116
596	1268113
597	1273523
598	1275848
599	1279266
600	1279336
601	1281579
602	1286733
603	1293294
604	1293895
605	1294023
606	1294665
607	1295901
608	1297108
609	1298190
610	1298740
611	1301287
612	1305241
613	1305668
614	1305679
615	1306686
616	1307514
617	1310288
618	1315483
619	1316025
620	1316297
621	1317990
622	1318885
623	1319325
624	1319480
625	1333148
626	1335794
627	1336491
628	1338195
629	1342142
630	1344830
631	1345465
632	1351505
633	1351837
634	1354768
635	1357191
636	1363435
637	1370933
638	1372118
639	1377045
640	1378799
641	1380798
642	1384142
643	1385522
644	1388297
645	1390069
646	1390998
647	1393398
648	1393448
649	1394619
650	1396807
651	1401747
652	1406521
653	1407297
654	1413102
655	1420302
656	1423177
657	1424773
658	1440255
659	1445685
660	1446358
661	1447880
662	1448718
663	1451899
664	1452437
665	1452688
666	1454705
667	1455152
668	1455518
669	1458351
670	1460366
671	1462063
672	1463667
673	1464753
674	1471502
675	1472798
676	1472996
677	1473208
678	1477075
679	1478229
680	1480209
681	1480354
682	1481813
683	1481839
684	1483437
685	1485918
686	1486824
687	1491171
688	1491457
689	1492989
690	1494946
691	1495309
692	1495894
693	1496481
694	1496497
695	1498046
696	1499942
697	1500370
698	1507303
699	1509640
700	1512266
701	1513073
702	1513585
703	1513587
704	1517754
705	1518389
706	1521528
707	1525509
708	1527288
709	1528784
710	1533131
711	1533643
712	1536707
713	1536716
714	1538722
715	1542728
716	1545201
717	1545498
718	1551492
719	1552762
720	1554694
721	1556206
722	1558030
723	1560694
724	1567095
725	1568764
726	1570408
727	1577275
728	1581601
729	1584082
730	1586021
731	1595293
732	1600002
733	1602323
734	1608127
735	1608128
736	1612738
737	1615232
738	1616125
739	1617919
740	1619352
741	1619730
742	1619881
743	1624004
744	1628019
745	1628764
746	1629959
747	1630251
748	1632339
749	1634200
750	1635136
751	1639862
752	1645491
753	1651710
754	1658442
755	1659419
756	1661047
757	1666201
758	1666665
759	1668967
760	1670737
761	1679071
762	1679656
763	1682467
764	1684833
765	1689313
766	1690221
767	1691915
768	1695990
769	1696447
770	1702510
771	1703147
772	1704105
773	1704464
774	1705952
775	1708421
776	1712365
777	1712366
778	1712367
779	1715210
780	1715798
781	1717598
782	1719873
783	1725480
784	1733194
785	1733390
786	1734913
787	1736081
788	1736371
789	1737539
790	1738973
791	1739130
792	1744902
793	1747264
794	1749059
795	1749503
796	1749504
797	1750364
798	1753763
799	1763204
800	1763775
801	1765757
802	1767041
803	1768646
804	1769418
805	1774664
806	1777068
807	1779072
808	1780220
809	1783683
810	1786576
811	1788700
812	1790413
813	1794668
814	1795367
815	1796843
816	1800012
817	1804026
818	1806943
819	1810313
820	1816164
821	1818429
822	1821906
823	1823979
824	1824013
825	1826933
826	1828066
827	1830546
828	1833900
829	1836507
830	1836761
831	1840006
832	1840087
833	1840569
834	1841141
835	1843805
836	1851000
837	1852270
838	1857284
839	1857861
840	1862967
841	1864968
842	1870705
843	1872477
844	1874588
845	1875464
846	1877158
847	1878846
848	1886195
849	1889335
850	1890289
851	1896172
852	1896546
853	1902253
854	1902462
855	1902463
856	1902586
857	1906917
858	1909299
859	1912555
860	1914520
861	1916536
862	1917648
863	1918156
864	1919252
865	1920663
866	1920951
867	1921580
868	1922187
869	1922485
870	1924822
871	1928216
872	1929504
873	1931075
874	1932966
875	1935484
876	1935867
877	1935919
878	1937238
879	1940169
880	1940272
881	1940402
882	1944754
883	1944936
884	1946172
885	1947350
886	1947877
887	1948574
888	1952263
889	1954183
890	1956045
891	1956046
892	1957761
893	1960624
894	1962544
895	1965035
896	1966347
897	1970173
898	1971987
899	1973728
900	1974033
901	1974644
902	1974999
903	1975433
904	1977093
905	1977378
906	1986555
907	1988422
908	1991861
909	1994819
910	1998174
911	1999990
912	2002214
913	2014424
914	2018906
915	2020923
916	2023276
917	2024399
918	2026483
919	2030689
920	2032414
921	2032423
922	2033345
923	2036128
924	2037319
925	2041593
926	2041595
927	2041596
928	2046741
929	2049453
930	2055926
931	2058353
932	2059112
933	2061085
934	2061477
935	2062942
936	2063001
937	2065308
938	2065444
939	2068626
940	2068928
941	2071175
942	2071315
943	2073861
944	2075851
945	2078054
946	2082211
947	2082978
948	2083665
949	2084843
950	2085470
951	2086835
952	2088514
953	2089819
954	2091702
955	2093381
956	2096371
957	2097362
958	2097497
959	2098026
960	2098968
961	2099607
962	2103735
963	2104598
964	2112713
965	2113517
966	2114119
967	2115068
968	2115389
969	2115405
970	2118057
971	2118263
972	2121318
973	2121489
974	2122056
975	2122159
976	2123266
977	2127569
978	2127944
979	2129556
980	2130017
981	2130719
982	2134992
983	2136068
984	2138051
985	2138925
986	2143769
987	2146107
988	2150205
989	2156040
990	2156820
991	2160004
992	2164742
993	2165056
994	2166059
995	2168173
996	2168890
997	2170207
998	2171808
999	2171942
1000	2173290
1001	2174266
1002	2174727
1003	2176058
1004	2176385
1005	2183695
1006	2184708
1007	2184814
1008	2187990
1009	2188871
1010	2189740
1011	2189741
1012	2194024
1013	2194659
1014	2196634
1015	2201808
1016	2203233
1017	2203432
1018	2204215
1019	2206293
1020	2208217
1021	2209584
1022	2209752
1023	2210211
1024	2211079
1025	2214155
1026	2216603
1027	2221631
1028	2222930
1029	2223525
1030	2228365
1031	2228503
1032	2231384
1033	2233528
1034	2235787
1035	2240498
1036	2241417
1037	2246930
1038	2248177
1039	2248185
1040	2249753
1041	2254416
1042	2256429
1043	2258658
1044	2261193
1045	2261376
1046	2261521
1047	2262094
1048	2269066
1049	2272627
1050	2275727
1051	2279937
1052	2280396
1053	2283256
1054	2286087
1055	2287276
1056	2287997
1057	2287998
1058	2288567
1059	2289734
1060	2291600
1061	2291638
1062	2295368
1063	2299611
1064	2300298
1065	2301252
1066	2305273
1067	2306534
1068	2308163
1069	2309814
1070	2311206
1071	2312286
1072	2312501
1073	2315372
1074	2319008
1075	2324151
1076	2324430
1077	2326471
1078	2327868
1079	2328370
1080	2332235
1081	2336082
1082	2336140
1083	2336500
1084	2340362
1085	2341401
1086	2342148
1087	2345090
1088	2348815
1089	2349364
1090	2350718
1091	2356229
1092	2361596
1093	2362835
1094	2363386
1095	2364343
1096	2366190
1097	2366844
1098	2367663
1099	2368050
1100	2368063
1101	2370228
1102	2375337
1103	2376104
1104	2376633
1105	2378816
1106	2379085
1107	2380693
1108	2385660
1109	2385930
1110	2386066
1111	2388230
1112	2389879
1113	2390242
1114	2396174
1115	2397459
1116	2397956
1117	2398418
1118	2400493
1119	2408841
1120	2410985
1121	2411179
1122	2412327
1123	2413883
1124	2414707
1125	2416353
1126	2419877
1127	2423260
1128	2423402
1129	2424955
1130	2427197
1131	2430263
1132	2431169
1133	2431243
1134	2431401
1135	2432033
1136	2433760
1137	2434440
1138	2434525
1139	2444221
1140	2447265
1141	2450333
1142	2454333
1143	2454526
1144	2456077
1145	2458237
1146	2459717
1147	2463502
1148	2465117
1149	2469050
1150	2472734
1151	2473414
1152	2474667
1153	2475766
1154	2478590
1155	2485001
1156	2486737
1157	2486811
1158	2487800
1159	2489313
1160	2492943
1161	2501053
1162	2501185
1163	2503458
1164	2506760
1165	2506988
1166	2510371
1167	2511081
1168	2513316
1169	2514336
1170	2517473
1171	2517829
1172	2519236
1173	2522173
1174	2522760
1175	2523041
1176	2523624
1177	2524123
1178	2524940
1179	2525396
1180	2526608
1181	2527110
1182	2528827
1183	2531568
1184	2533514
1185	2550522
1186	2551098
1187	2551369
1188	2553845
1189	2555132
1190	2555375
1191	2562127
1192	2565031
1193	2565208
1194	2566262
1195	2567772
1196	2570469
1197	2577269
1198	2578776
1199	2583177
1200	2586003
1201	2594035
1202	2594145
1203	2596868
1204	2599513
1205	2608885
1206	2609162
1207	2613349
1208	2617480
1209	2620970
1210	2623930
1211	2626848
1212	2626953
1213	2630369
1214	2631872
1215	2632414
1216	2635396
1217	2636132
1218	2637689
1219	2642331
1220	2642530
1221	2642599
1222	2653889
1223	2654905
1224	2657111
1225	2659607
1226	2664759
1227	2669296
1228	2670863
1229	2670902
1230	2674090
1231	2677793
1232	2680634
1233	2681046
1234	2681706
1235	2682235
1236	2682420
1237	2682672
1238	2682701
1239	2684784
1240	2686243
1241	2686810
1242	2688145
1243	2690007
1244	2690122
1245	2692035
1246	2692571
1247	2698484
1248	2699197
1249	2700616
1250	2700673
1251	2702007
1252	2703608
1253	2706169
1254	2706435
1255	2707112
1256	2717709
1257	2719219
1258	2721326
1259	2723403
1260	2723957
1261	2727412
1262	2728171
1263	2731118
1264	2735109
1265	2735651
1266	2737995
1267	2738588
1268	2738981
1269	2740258
1270	2744461
1271	2746879
1272	2748664
1273	2751885
1274	2752398
1275	2755827
1276	2757523
1277	2758284
1278	2760402
1279	2760923
1280	2761822
1281	2763589
1282	2764204
1283	2764688
1284	2765069
1285	2765493
1286	2767010
1287	2767032
1288	2770531
1289	2770636
1290	2771033
1291	2771427
1292	2771809
1293	2772015
1294	2778303
1295	2781312
1296	2782050
1297	2785173
1298	2785500
1299	2786207
1300	2786474
1301	2786955
1302	2787043
1303	2787565
1304	2788341
1305	2791465
1306	2792044
1307	2792074
1308	2792521
1309	2793790
1310	2799946
1311	2800193
1312	2802368
1313	2803635
1314	2804905
1315	2806227
1316	2811122
1317	2814092
1318	2814407
1319	2815419
1320	2819793
1321	2819833
1322	2820809
1323	2825604
1324	2827711
1325	2843808
1326	2845466
1327	2849546
1328	2854084
1329	2854509
1330	2856386
1331	2856803
1332	2866039
1333	2867228
1334	2871284
1335	2875587
1336	2880399
1337	2880724
1338	2882463
1339	2883323
1340	2884293
1341	2884795
1342	2886091
1343	2888627
1344	2890320
1345	2890521
1346	2895576
1347	2897060
1348	2899788
1349	2903652
1350	2907841
1351	2908270
1352	2908271
1353	2908836
1354	2908932
1355	2910656
1356	2911965
1357	2914644
1358	2917254
1359	2918016
1360	2920562
1361	2925171
1362	2925505
1363	2930105
1364	2933147
1365	2933871
1366	2937068
1367	2937659
1368	2937790
1369	2939206
1370	2943185
1371	2946101
1372	2949542
1373	2951052
1374	2951423
1375	2956316
1376	2958331
1377	2959552
1378	2961072
1379	2963884
1380	2965048
1381	2967108
1382	2970236
1383	2970362
1384	2970947
1385	2972348
1386	2973715
1387	2977902
1388	2982997
1389	2987533
1390	2989177
1391	2989921
1392	3001357
1393	3002634
1394	3007774
1395	3008031
1396	3011748
1397	3012509
1398	3013217
1399	3017802
1400	3021780
1401	3023803
1402	3027678
1403	3028920
1404	3032562
1405	3033950
1406	3034980
1407	3035278
1408	3036105
1409	3038142
1410	3038150
1411	3038385
1412	3039790
1413	3040946
1414	3044254
1415	3045685
1416	3048349
1417	3053918
1418	3054426
1419	3056841
1420	3056957
1421	3057916
1422	3060345
1423	3062181
1424	3062758
1425	3063804
1426	3071384
1427	3075240
1428	3077293
1429	3079840
1430	3080569
1431	3082227
1432	3082778
1433	3083802
1434	3088635
1435	3095179
1436	3101762
1437	3101812
1438	3105180
1439	3105662
1440	3105774
1441	3106225
1442	3109830
1443	3109875
1444	3109941
1445	3109944
1446	3109947
1447	3109985
1448	3109986
1449	3111073
1450	3113612
1451	3116012
1452	3116244
1453	3117506
1454	3118221
1455	3121259
1456	3122188
1457	3122293
1458	3128220
1459	3130507
1460	3130706
1461	3130777
1462	3131937
1463	3132237
1464	3132330
1465	3132848
1466	3133908
1467	3136108
1468	3137497
1469	3148486
1470	3148748
1471	3149902
1472	3150519
1473	3150676
1474	3152492
1475	3152764
1476	3155824
1477	3156641
1478	3156839
1479	3164294
1480	3164475
1481	3165056
1482	3166843
1483	3167196
1484	3170915
1485	3171297
1486	3171679
1487	3175369
1488	3178787
1489	3180279
1490	3180384
1491	3182846
1492	3183537
1493	3189553
1494	3196469
1495	3197405
1496	3201210
1497	3202852
1498	3202902
1499	3203713
1500	3205054
1501	3211901
1502	3212195
1503	3213155
1504	3213275
1505	3214688
1506	3217274
1507	3218572
1508	3220657
1509	3221598
1510	3221761
1511	3222651
1512	3222993
1513	3223499
1514	3225807
1515	3228263
1516	3229345
1517	3229645
1518	3230692
1519	3230899
1520	3233286
1521	3233556
1522	3235071
1523	3242833
1524	3246320
1525	3246444
1526	3253406
1527	3253484
1528	3255648
1529	3257540
1530	3259314
1531	3261851
1532	3265041
1533	3273869
1534	3280396
1535	3282384
1536	3287972
1537	3289251
1538	3291632
1539	3297075
1540	3300889
1541	3302180
1542	3306214
1543	3308046
1544	3308462
1545	3310335
1546	3311172
1547	3313080
1548	3313461
1549	3314996
1550	3316854
1551	3317106
1552	3321637
1553	3322454
1554	3327116
1555	3328769
1556	3335048
1557	3337626
1558	3337627
1559	3341750
1560	3347254
1561	3350622
1562	3350851
1563	3352349
1564	3354651
1565	3355537
1566	3359677
1567	3360561
1568	3361921
1569	3362310
1570	3368152
1571	3368564
1572	3371410
1573	3371415
1574	3373067
1575	3377129
1576	3381651
1577	3386443
1578	3392000
1579	3393010
1580	3395942
1581	3397285
1582	3399629
1583	3405078
1584	3406042
1585	3407023
1586	3407398
1587	3410125
1588	3410729
1589	3413440
1590	3415260
1591	3418396
1592	3426218
1593	3430261
1594	3430673
1595	3431766
1596	3432488
1597	3434548
1598	3441826
1599	3448440
1600	3451224
1601	3454141
1602	3455188
1603	3455708
1604	3456395
1605	3457023
1606	3459180
1607	3460972
1608	3463216
1609	3463479
1610	3468927
1611	3471013
1612	3478029
1613	3482925
1614	3484122
1615	3486232
1616	3488315
1617	3490082
1618	3499073
1619	3504519
1620	3504605
1621	3509998
1622	3511851
1623	3512118
1624	3512660
1625	3512767
1626	3515573
1627	3518433
1628	3518475
1629	3519108
1630	3519168
1631	3520473
1632	3520717
1633	3521790
1634	3522488
1635	3522801
1636	3523083
1637	3525428
1638	3525743
1639	3528787
1640	3539075
1641	3544099
1642	3547463
1643	3547842
1644	3547927
1645	3547928
1646	3547933
1647	3547959
1648	3548150
1649	3550164
1650	3550750
1651	3552668
1652	3553953
1653	3555344
1654	3559327
1655	3560535
1656	3561581
1657	3565829
1658	3566028
1659	3566868
1660	3568282
1661	3569305
1662	3570669
1663	3574127
1664	3575726
1665	3579467
1666	3579518
1667	3585559
1668	3585714
1669	3586634
1670	3586635
1671	3588051
1672	3588146
1673	3588418
1674	3595657
1675	3597465
1676	3599966
1677	3603619
1678	3603810
1679	3605337
1680	3605809
1681	3606382
1682	3607066
1683	3609026
1684	3609076
1685	3609918
1686	3613685
1687	3615245
1688	3615246
1689	3617385
1690	3622314
1691	3622567
1692	3628499
1693	3632847
1694	3632983
1695	3636575
1696	3637211
1697	3639924
1698	3640304
1699	3642148
1700	3643278
1701	3645021
1702	3645054
1703	3647831
1704	3651498
1705	3654525
1706	3656182
1707	3656350
1708	3659080
1709	3661058
1710	3664688
1711	3664997
1712	3672106
1713	3674199
1714	3676680
1715	3680638
1716	3689443
1717	3689592
1718	3691160
1719	3694142
1720	3694895
1721	3699378
1722	3701596
1723	3703413
1724	3703703
1725	3704273
1726	3707277
1727	3709711
1728	3718899
1729	3720738
1730	3725750
1731	3733725
1732	3735388
1733	3736500
1734	3736993
1735	3739065
1736	3740671
1737	3740966
1738	3741847
1739	3742697
1740	3747865
1741	3747879
1742	3749553
1743	3751940
1744	3752860
1745	3753717
1746	3753733
1747	3753846
1748	3756796
1749	3757213
1750	3762334
1751	3766564
1752	3772549
1753	3773870
1754	3774661
1755	3774943
1756	3779905
1757	3780986
1758	3781034
1759	3782321
1760	3783523
1761	3784848
1762	3785207
1763	3786938
1764	3787642
1765	3787677
1766	3787691
1767	3787699
1768	3787703
1769	3789540
1770	3790562
1771	3791137
1772	3797372
1773	3802359
1774	3804760
1775	3805072
1776	3805199
1777	3807736
1778	3808116
1779	3808568
1780	3810020
1781	3811011
1782	3811466
1783	3815298
1784	3815920
1785	3815924
1786	3816768
1787	3818731
1788	3821266
1789	3822270
1790	3825296
1791	3827962
1792	3831673
1793	3832447
1794	3834118
1795	3845153
1796	3845268
1797	3847158
1798	3849038
1799	3849789
1800	3862071
1801	3862715
1802	3864100
1803	3864658
1804	3865566
1805	3867123
1806	3875219
1807	3877535
1808	3877691
1809	3880557
1810	3881791
1811	3882201
1812	3886542
1813	3888379
1814	3890347
1815	3891666
1816	3894508
1817	3896495
1818	3896706
1819	3899897
1820	3900380
1821	3900655
1822	3901848
1823	3902700
1824	3904898
1825	3906115
1826	3908680
1827	3908707
1828	3909697
1829	3910954
1830	3913941
1831	3914487
1832	3914495
1833	3924763
1834	3929503
1835	3938154
1836	3938556
1837	3939208
1838	3939470
1839	3940054
1840	3940928
1841	3941263
1842	3942394
1843	3944417
1844	3944638
1845	3944855
1846	3945387
1847	3945968
1848	3949472
1849	3951965
1850	3953865
1851	3954371
1852	3957096
1853	3962637
1854	3963397
1855	3968247
1856	3974143
1857	3979764
1858	3980372
1859	3980843
1860	3981064
1861	3982887
1862	3983515
1863	3987238
1864	3988143
1865	3994133
1866	3994871
1867	4000292
1868	4002420
1869	4002925
1870	4009198
1871	4011950
1872	4012760
1873	4013345
1874	4015613
1875	4017122
1876	4019019
1877	4021906
1878	4023362
1879	4024760
1880	4025765
1881	4030994
1882	4032060
1883	4032280
1884	4032796
1885	4035155
1886	4037264
1887	4039427
1888	4045950
1889	4047206
1890	4048516
1891	4051330
1892	4053751
1893	4053894
1894	4054115
1895	4056466
1896	4058736
1897	4059216
1898	4059395
1899	4062605
1900	4069771
1901	4077277
1902	4078966
1903	4078967
1904	4078991
1905	4081013
1906	4084114
1907	4084661
1908	4086853
1909	4088159
1910	4090842
1911	4091056
1912	4091768
1913	4093279
1914	4096840
1915	4096870
1916	4096888
1917	4100476
1918	4100587
1919	4104280
1920	4105803
1921	4108382
1922	4109250
1923	4111115
1924	4115211
1925	4119284
1926	4121591
1927	4122127
1928	4123440
1929	4123585
1930	4124418
1931	4128829
1932	4129506
1933	4132617
1934	4132854
1935	4141751
1936	4148200
1937	4154340
1938	4155698
1939	4157073
1940	4161471
1941	4161958
1942	4165025
1943	4165179
1944	4166485
1945	4166565
1946	4167639
1947	4167932
1948	4167988
1949	4168915
1950	4169271
1951	4171337
1952	4175512
1953	4178450
1954	4180408
1955	4183482
1956	4184564
1957	4189110
1958	4190531
1959	4192170
1960	4192171
1961	4192174
1962	4192980
1963	4193299
1964	4196191
1965	4197829
1966	4200454
1967	4200813
1968	4200883
1969	4201081
1970	4202448
1971	4203071
1972	4203156
1973	4204430
1974	4206907
1975	4211616
1976	4214972
1977	4215014
1978	4218539
1979	4219881
1980	4222172
1981	4223056
1982	4223299
1983	4224881
1984	4227048
1985	4229633
1986	4231850
1987	4233367
1988	4233659
1989	4234421
1990	4234615
1991	4235044
1992	4235998
1993	4237353
1994	4237763
1995	4240940
1996	4241398
1997	4241561
1998	4242355
1999	4246499
2000	4247316
2001	4248170
2002	4254758
2003	4254915
2004	4260294
2005	4263126
2006	4263671
2007	4266952
2008	4269101
2009	4270587
2010	4271231
2011	4271659
2012	4275170
2013	4275266
2014	4275353
2015	4275690
2016	4276138
2017	4276139
2018	4276196
2019	4276245
2020	4276307
2021	4276555
2022	4277995
2023	4278102
2024	4278185
2025	4278896
2026	4279063
2027	4281377
2028	4282583
2029	4285575
2030	4287717
2031	4289330
2032	4291841
2033	4291875
2034	4291964
2035	4294407
